[3.jpg]
filters=PencilSketch=1,2.000000,100.000000,0.000000;
moddate=0000ebdda1d30000
width=4608
height=2592
textactive=0
[2.jpg]
filters=PencilSketch=1,3.139181,105.263161,0.000000;PicnikTint=1,0.000000,ffff2727;
moddate=0000fc21a2d30000
width=4608
height=2592
textactive=0
[4.jpg]
filters=PencilSketch=1,3.160819,100.000000,0.000000;PicnikTint=1,61.403507,ff00be26;
moddate=0000ff21a2d30000
width=4608
height=2592
textactive=0
[5.jpg]
filters=PencilSketch=1,2.000000,100.000000,0.000000;PicnikTint=1,16.959064,ff0036be;
moddate=00000122a2d30000
width=4608
height=2592
textactive=0
