[2.jpg]
filters=PencilSketch=1,2.000000,143.859650,0.000000;PicnikTint=1,76.608185,ff73e8ff;
moddate=000023dea1d30000
width=4608
height=2592
textactive=0
[3.jpg]
filters=PencilSketch=1,2.000000,100.000000,0.000000;
moddate=0000ebdda1d30000
width=4608
height=2592
textactive=0
[4.jpg]
filters=PencilSketch=1,4.026316,100.000000,0.000000;
moddate=0000eddda1d30000
width=4608
height=2592
textactive=0
[5.jpg]
filters=PencilSketch=1,2.000000,100.000000,0.000000;PicnikTint=1,50.292397,ffa9edff;
moddate=0000efdda1d30000
width=4608
height=2592
textactive=0
